# %ECSV 1.0
# ---
# datatype:
# - {name: time, datatype: float64}
# - {name: wavelength, datatype: float64}
# - {name: bin_width, datatype: float64}
# - {name: lcdata, datatype: float32}
# - {name: lcerr, datatype: float32}
# - {name: polynomial, datatype: float64}
# - {name: ypos, datatype: float64}
# - {name: ywidth, datatype: float64}
# - {name: astrophysical model, datatype: float64}
# - {name: model, datatype: float64}
# - {name: residuals, datatype: float64}
# schema: astropy-2.0
time wavelength bin_width lcdata lcerr polynomial ypos ywidth "astrophysical model" model residuals
2460776.6304388633 0.075 0.0 1.0034261 0.001278872 1.0034816328076357 1.0 1.0 1.0 1.0034816328076357 -5.55578259462397e-05
2460776.6318277316 0.075 0.0 1.0044118 0.0012788341 1.0034810399044434 1.0 1.0 1.0 1.0034810399044434 0.0009307766925414906
2460776.6332166 0.075 0.0 1.0036001 0.0012790529 1.003480447001251 1.0 1.0 1.0 1.003480447001251 0.00011967354318254131
2460776.634605468 0.075 0.0 1.0033381 0.0012780931 1.0034798540982577 1.0 1.0 1.0 1.0034798540982577 -0.00014175557225670765
2460776.635994336 0.075 0.0 1.0027236 0.0012781762 1.0034792611950654 1.0 1.0 1.0 1.0034792611950654 -0.0007556865566986648
2460776.6373832044 0.075 0.0 1.0056862 0.0012792894 1.003478668291873 1.0 1.0 1.0 1.003478668291873 0.002207495610409671
2460776.6387720723 0.075 0.0 1.0037103 0.001278412 1.0034780753888797 1.0 1.0 1.0 1.0034780753888797 0.00023219453909884002
2460776.6401609406 0.075 0.0 1.0037026 0.0012789526 1.0034774824856874 1.0 1.0 1.0 1.0034774824856874 0.00022515804775991022
2460776.6415498084 0.075 0.0 1.0046536 0.0012787828 1.0034768895826938 1.0 1.0 1.0 1.0034768895826938 0.0011766834535000825
2460776.6429386768 0.075 0.0 1.0023565 0.0012779583 1.0034762966795014 1.0 1.0 1.0 1.0034762966795014 -0.0011197674436616012
2460776.644327545 0.075 0.0 1.0037887 0.0012785726 1.0034757037763093 1.0 1.0 1.0 1.0034757037763093 0.0003130058641935829
2460776.645716413 0.075 0.0 1.0012184 0.0012787218 1.0034751108733158 1.0 1.0 1.0 1.0034751108733158 -0.0022566727248172214
2460776.6471052812 0.075 0.0 1.0044029 0.0012789539 1.0034745179701234 1.0 1.0 1.0 1.0034745179701234 0.0009283579301451184
2460776.648494149 0.075 0.0 1.0042809 0.0012791707 1.00347392506713 1.0 1.0 1.0 1.00347392506713 0.0008069997299280374
2460776.6498830174 0.075 0.0 1.0037358 0.001278338 1.0034733321639377 1.0 1.0 1.0 1.0034733321639377 0.0002624485520046349
2460776.6512718853 0.075 0.0 1.0058138 0.0012793979 1.0034727392609442 1.0 1.0 1.0 1.0034727392609442 0.002341097790447444
2460776.6526607536 0.075 0.0 1.0054919 0.0012794795 1.003472146357752 1.0 1.0 1.0 1.003472146357752 0.002019706402562882
2460776.6540496214 0.075 0.0 1.0045389 0.001278955 1.0034715534547585 1.0 1.0 1.0 1.0034715534547585 0.0010673402448875269
2460776.6554384897 0.075 0.0 1.0058384 0.0012794589 1.0034709605515661 1.0 1.0 1.0 1.0034709605515661 0.0023674336134729135
2460776.6568273576 0.075 0.0 1.0036016 0.0012795833 1.0034703676485728 1.0 1.0 1.0 1.0034703676485728 0.00013118340733542233
2460776.6582162254 0.075 0.0 1.0038328 0.0012781828 1.0034697747455792 1.0 1.0 1.0 1.0034697747455792 0.00036304233205752823
2460776.6596050938 0.075 0.0 1.0020815 0.0012789972 1.0034691818423869 1.0 1.0 1.0 1.0034691818423869 -0.001387668437540679
2460776.6609939616 0.075 0.0 1.001971 0.001278703 1.0034685889393935 1.0 1.0 1.0 1.0034685889393935 -0.001497582545960885
2460776.66238283 0.075 0.0 1.0017221 0.0012785749 1.0034679960362012 1.0 1.0 1.0 1.0034679960362012 -0.001745898639350596
2460776.663771698 0.075 0.0 1.0038861 0.0012785204 1.0034674031332076 1.0 1.0 1.0 1.0034674031332076 0.00041870049685832633
2460776.6651605656 0.075 0.0 1.0044138 0.0012788996 1.0034668102302142 1.0 1.0 1.0 1.0034668102302142 0.0009470329246930032
2460776.666549434 0.075 0.0 1.0019877 0.001278325 1.003466217327022 1.0 1.0 1.0 1.003466217327022 -0.0014785216330521767
2460776.667938302 0.075 0.0 1.003986 0.0012791656 1.0034656244240283 1.0 1.0 1.0 1.0034656244240283 0.0005203765906811597
2460776.6693271697 0.075 0.0 1.003972 0.0012797175 1.003465031521035 1.0 1.0 1.0 1.003465031521035 0.0005070220067970865
2460776.6707160375 0.075 0.0 1.0041769 0.0012789199 1.0034644386180414 1.0 1.0 1.0 1.0034644386180414 0.000712416469238919
2460776.672104906 0.075 0.0 1.0028653 0.0012784521 1.0034638457148493 1.0 1.0 1.0 1.0034638457148493 -0.0005985312312066782
2460776.6734937737 0.075 0.0 1.0032983 0.0012786617 1.0034632528118557 1.0 1.0 1.0 1.0034632528118557 -0.0001649701885646504
2460776.6748826415 0.075 0.0 1.0011737 0.0012778696 1.003462659908862 1.0 1.0 1.0 1.003462659908862 -0.0022889252439450836
2460776.6762715094 0.075 0.0 1.0040092 0.0012794626 1.0034620670058687 1.0 1.0 1.0 1.0034620670058687 0.0005471798203031675
2460776.677660377 0.075 0.0 1.0016538 0.0012779386 1.0034614741028751 1.0 1.0 1.0 1.0034614741028751 -0.001807683628937129
2460776.6790492455 0.075 0.0 1.0039933 0.0012795703 1.003460881199683 1.0 1.0 1.0 1.003460881199683 0.0005323915816890512
2460776.6804381134 0.075 0.0 1.0035093 0.0012792493 1.0034602882966894 1.0 1.0 1.0 1.0034602882966894 4.8994769106469604e-05
2460776.6818269813 0.075 0.0 1.0058717 0.0012793244 1.0034596953936958 1.0 1.0 1.0 1.0034596953936958 0.002411958163127892
2460776.683215849 0.075 0.0 1.0024817 0.0012787818 1.0034591024907025 1.0 1.0 1.0 1.0034591024907025 -0.0009774035008343063
2460776.684604717 0.075 0.0 1.0020531 0.0012777809 1.0034585095877089 1.0 1.0 1.0 1.0034585095877089 -0.0014053679937757746
2460776.685993585 0.075 0.0 1.0011562 0.0012778761 1.0034579166847155 1.0 1.0 1.0 1.0034579166847155 -0.0023017057853624845
2460776.6873824527 0.075 0.0 1.002804 0.0012784653 1.003457323781722 1.0 1.0 1.0 1.003457323781722 -0.000653282872908445
2460776.6887713205 0.075 0.0 1.002313 0.0012783118 1.0034567308787286 1.0 1.0 1.0 1.0034567308787286 -0.0011437130335747447
2460776.6901601884 0.075 0.0 1.0040756 0.0012790789 1.003456137975735 1.0 1.0 1.0 1.003456137975735 0.0006195084247166971
2460776.691549056 0.075 0.0 1.0038499 0.001278434 1.0034555450727416 1.0 1.0 1.0 1.0034555450727416 0.00039431893330088563
2460776.692937924 0.075 0.0 1.0024599 0.0012783349 1.003454952169748 1.0 1.0 1.0 1.003454952169748 -0.0009950684798676335
2460776.694326792 0.075 0.0 1.0023857 0.0012775768 1.0034543592667544 1.0 1.0 1.0 1.0034543592667544 -0.0010686237549746291
2460776.6957156598 0.075 0.0 1.0003418 0.0012781904 1.003453766363761 1.0 1.0 1.0 1.003453766363761 -0.0031119933306189562
2460776.6971045276 0.075 0.0 1.0006588 0.0012775095 1.0034531734607675 1.0 1.0 1.0 1.0034531734607675 -0.0027944229267098386
2460776.6984933955 0.075 0.0 1.0030668 0.0012786079 1.003452580557774 1.0 1.0 1.0 1.003452580557774 -0.00038580237479068913
2460776.6998822633 0.075 0.0 1.0022055 0.001278799 1.0034519876547805 1.0 1.0 1.0 1.0034519876547805 -0.0012464965888014934
2460776.701271131 0.075 0.0 1.0035412 0.0012789007 1.0034513947517871 1.0 1.0 1.0 1.0034513947517871 8.983640360837875e-05
2460776.702659999 0.075 0.0 1.0032015 0.0012785794 1.0034508018487935 1.0 1.0 1.0 1.0034508018487935 -0.00024931716861775755
2460776.704048867 0.075 0.0 1.0043265 0.0012784548 1.0034502089458002 1.0 1.0 1.0 1.0034502089458002 0.0008762537998663333
2460776.7054377347 0.075 0.0 1.0026195 0.0012782093 1.0034496160428066 1.0 1.0 1.0 1.0034496160428066 -0.0008301111142177131
2460776.706826602 0.075 0.0 1.0035852 0.0012780728 1.003449023140012 1.0 1.0 1.0 1.003449023140012 0.0001361962432278041
2460776.70821547 0.075 0.0 1.0023462 0.0012779147 1.0034484302370184 1.0 1.0 1.0 1.0034484302370184 -0.001102272209369426
2460776.709604338 0.075 0.0 1.0022947 0.0012784525 1.003447837334025 1.0 1.0 1.0 1.003447837334025 -0.0011531777194619952
2460776.7109932057 0.075 0.0 1.0037493 0.0012786111 1.0034472444310314 1.0 1.0 1.0 1.0034472444310314 0.0003020069346302279
2460776.7123820735 0.075 0.0 1.003206 0.0012780761 1.003446651528038 1.0 1.0 1.0 1.003446651528038 -0.00024063689485931405
2460776.713770941 0.075 0.0 1.0033653 0.0012788249 1.0034460586252432 1.0 1.0 1.0 1.0034460586252432 -8.078038122460995e-05
2460776.7151598088 0.075 0.0 1.002428 0.0012772983 1.0034454657222498 1.0 1.0 1.0 1.0034454657222498 -0.001017410912679484
2460776.7165486766 0.075 0.0 1.0025393 0.0012778922 1.0034448728192562 1.0 1.0 1.0 1.0034448728192562 -0.0009055957425350147
2460776.717937544 0.075 0.0 1.0033355 0.0012777905 1.0034442799164616 1.0 1.0 1.0 1.0034442799164616 -0.00010880399483070846
2460776.719326412 0.075 0.0 1.0030336 0.001277895 1.003443687013468 1.0 1.0 1.0 1.003443687013468 -0.0004100490129796963
2460776.7207152797 0.075 0.0 1.0050237 0.0012793591 1.0034430941104746 1.0 1.0 1.0 1.0034430941104746 0.001580623769774414
2460776.7221041475 0.075 0.0 1.0035576 0.0012784455 1.003442501207481 1.0 1.0 1.0 1.003442501207481 0.00011506162058294578
2460776.723493015 0.075 0.0 1.0016763 0.0012772594 1.0034419083046864 1.0 1.0 1.0 1.0034419083046864 -0.0017655872750232948
2460776.724881883 0.075 0.0 1.0020534 0.0012776711 1.0034413154016928 1.0 1.0 1.0 1.0034413154016928 -0.0013879353891805835
2460776.72627075 0.075 0.0 1.0040199 0.00127775 1.0034407224988982 1.0 1.0 1.0 1.0034407224988982 0.0005791339540437423
2460776.727659618 0.075 0.0 1.0039983 0.0012792748 1.0034401295959048 1.0 1.0 1.0 1.0034401295959048 0.0005581499756284192
2460776.729048486 0.075 0.0 1.0017377 0.0012776484 1.0034395366929112 1.0 1.0 1.0 1.0034395366929112 -0.0017018228791294554
2460776.7304373533 0.075 0.0 1.0044442 0.0012782741 1.0034389437901166 1.0 1.0 1.0 1.0034389437901166 0.0010052977336261204
2460776.731826221 0.075 0.0 1.0050606 0.0012783039 1.003438350887123 1.0 1.0 1.0 1.003438350887123 0.0016222026635972497
2460776.7332150885 0.075 0.0 1.0047055 0.0012789951 1.0034377579843283 1.0 1.0 1.0 1.0034377579843283 0.0012677903021096615
2460776.7346039563 0.075 0.0 1.0054796 0.0012786041 1.0034371650813347 1.0 1.0 1.0 1.0034371650813347 0.0020424091221564744
2460776.7359928237 0.075 0.0 1.0029616 0.0012783005 1.00343657217854 1.0 1.0 1.0 1.00343657217854 -0.00047493658894048885
2460776.7373816916 0.075 0.0 1.003897 0.0012782997 1.0034359792755467 1.0 1.0 1.0 1.0034359792755467 0.00046097239986830907
2460776.738770559 0.075 0.0 1.0044073 0.0012790135 1.0034353863727519 1.0 1.0 1.0 1.0034353863727519 0.000971900271230064
2460776.740159427 0.075 0.0 1.0035961 0.0012788707 1.0034347934697585 1.0 1.0 1.0 1.0034347934697585 0.00016127395883036577
2460776.741548294 0.075 0.0 1.0057423 0.0012792582 1.0034342005669639 1.0 1.0 1.0 1.0034342005669639 0.0023081109106972697
2460776.7429371616 0.075 0.0 1.0045353 0.0012784831 1.003433607664169 1.0 1.0 1.0 1.003433607664169 0.00110170975679047
2460776.7443260294 0.075 0.0 1.0045725 0.0012782527 1.0034330147611756 1.0 1.0 1.0 1.0034330147611756 0.0011394959581236819
2460776.745714897 0.075 0.0 1.0036292 0.0012779855 1.0034324218583808 1.0 1.0 1.0 1.0034324218583808 0.0001967857527032102
2460776.7471037647 0.075 0.0 1.004625 0.0012778474 1.0034318289553874 1.0 1.0 1.0 1.0034318289553874 0.0011931338513142542
2460776.748492632 0.075 0.0 1.0010686 0.0012775915 1.0034312360525928 1.0 1.0 1.0 1.0034312360525928 -0.0023626439810595645
2460776.7498814994 0.075 0.0 1.0039064 0.001278579 1.003430643149798 1.0 1.0 1.0 1.003430643149798 0.0004757260594916435
2460776.7512703673 0.075 0.0 1.0047418 0.0012787547 1.0034300502468045 1.0 1.0 1.0 1.0034300502468045 0.0013117376636568867
2460776.7526592347 0.075 0.0 1.0042235 0.0012792546 1.0034294573440097 1.0 1.0 1.0 1.0034294573440097 0.0007940085754849502
2460776.754048102 0.075 0.0 1.0033417 0.0012790854 1.003428864441215 1.0 1.0 1.0 1.003428864441215 -8.718963652754042e-05
2460776.7554369695 0.075 0.0 1.0037588 0.0012781937 1.0034282715384204 1.0 1.0 1.0 1.0034282715384204 0.0003305165704052815
2460776.7568258373 0.075 0.0 1.0014472 0.0012774288 1.0034276786354268 1.0 1.0 1.0 1.0034276786354268 -0.0019804778602803275
2460776.7582147047 0.075 0.0 1.0027951 0.0012781065 1.0034270857326322 1.0 1.0 1.0 1.0034270857326322 -0.0006319855205350056
2460776.759603572 0.075 0.0 1.0044402 0.0012783147 1.0034264928298375 1.0 1.0 1.0 1.0034264928298375 0.001013695578060414
2460776.7609924395 0.075 0.0 1.0034213 0.0012782206 1.0034258999270427 1.0 1.0 1.0 1.0034258999270427 -4.593316935253e-06
2460776.7623813073 0.075 0.0 1.0015521 0.0012769668 1.0034253070240493 1.0 1.0 1.0 1.0034253070240493 -0.0018732020740981348
2460776.7637701747 0.075 0.0 1.0042672 0.0012785356 1.0034247141212547 1.0 1.0 1.0 1.0034247141212547 0.0008425016075050973
2460776.765159042 0.075 0.0 1.0020669 0.0012780939 1.0034241212184598 1.0 1.0 1.0 1.0034241212184598 -0.0013572705562283627
2460776.7665479095 0.075 0.0 1.0061721 0.0012794469 1.0034235283156652 1.0 1.0 1.0 1.0034235283156652 0.0027485326508265295
2460776.767936777 0.075 0.0 1.0039662 0.0012785661 1.0034229354128705 1.0 1.0 1.0 1.0034229354128705 0.0005432768597735116
2460776.7693256442 0.075 0.0 1.0037867 0.0012784014 1.003422342510076 1.0 1.0 1.0 1.003422342510076 0.00036434057250467333
2460776.7707145116 0.075 0.0 1.0036583 0.001278704 1.003421749607281 1.0 1.0 1.0 1.003421749607281 0.00023654507045334228
2460776.772103379 0.075 0.0 1.0039309 0.0012786216 1.0034211567044864 1.0 1.0 1.0 1.0034211567044864 0.0005097696184506173
2460776.7734922464 0.075 0.0 1.0045507 0.0012793517 1.0034205638016918 1.0 1.0 1.0 1.0034205638016918 0.0011301316176197673
2460776.7748811143 0.075 0.0 1.0035615 0.0012781853 1.0034199708986982 1.0 1.0 1.0 1.0034199708986982 0.00014152583592097479
2460776.7762699816 0.075 0.0 1.003233 0.0012786032 1.0034193779959035 1.0 1.0 1.0 1.0034193779959035 -0.00018642206328634003
2460776.777658849 0.075 0.0 1.003341 0.0012783502 1.003418785093109 1.0 1.0 1.0 1.003418785093109 -7.782554415869392e-05
2460776.7790477164 0.075 0.0 1.0051311 0.0012793379 1.003418192190314 1.0 1.0 1.0 1.003418192190314 0.0017129332598202485
2460776.780436584 0.075 0.0 1.0028114 0.0012784386 1.0034175992875194 1.0 1.0 1.0 1.0034175992875194 -0.0006061674027537656
2460776.781825451 0.075 0.0 1.0016713 0.0012783511 1.0034170063847248 1.0 1.0 1.0 1.0034170063847248 -0.0017456921452227991
2460776.7832143186 0.075 0.0 1.0022628 0.0012778722 1.00341641348193 1.0 1.0 1.0 1.00341641348193 -0.0011535827476769622
2460776.7846031855 0.075 0.0 1.003901 0.0012783838 1.003415820579334 1.0 1.0 1.0 1.003415820579334 0.0004851842119257821
2460776.785992053 0.075 0.0 1.0057667 0.0012795915 1.0034152276765393 1.0 1.0 1.0 1.0034152276765393 0.0023515217054796977
2460776.7873809203 0.075 0.0 1.002593 0.0012775679 1.0034146347737447 1.0 1.0 1.0 1.0034146347737447 -0.0008215943074361132
2460776.7887697876 0.075 0.0 1.0024902 0.0012787845 1.00341404187095 1.0 1.0 1.0 1.00341404187095 -0.0009238790215237991
2460776.790158655 0.075 0.0 1.0045034 0.0012790081 1.0034134489681552 1.0 1.0 1.0 1.0034134489681552 0.001089920363204655
2460776.7915475224 0.075 0.0 1.0043353 0.0012786397 1.0034128560653606 1.0 1.0 1.0 1.0034128560653606 0.0009224281677326918
2460776.79293639 0.075 0.0 1.0040439 0.0012782211 1.003412263162566 1.0 1.0 1.0 1.003412263162566 0.0006316735668652207
2460776.794325257 0.075 0.0 1.003185 0.0012780654 1.003411670259771 1.0 1.0 1.0 1.003411670259771 -0.00022663646155329786
2460776.795714124 0.075 0.0 1.0020444 0.0012774955 1.0034110773571752 1.0 1.0 1.0 1.0034110773571752 -0.0013666380413792645
2460776.7971029915 0.075 0.0 1.0044541 0.001279118 1.0034104844543805 1.0 1.0 1.0 1.0034104844543805 0.001043651440394866
2460776.798491859 0.075 0.0 1.0050343 0.0012788913 1.0034098915515859 1.0 1.0 1.0 1.0034098915515859 0.0016244359554331567
2460776.7998807263 0.075 0.0 1.0025979 0.0012775782 1.0034092986487912 1.0 1.0 1.0 1.0034092986487912 -0.0008113706016110722
2460776.801269593 0.075 0.0 1.0039419 0.001278637 1.0034087057461953 1.0 1.0 1.0 1.0034087057461953 0.000533187831380344
2460776.8026584606 0.075 0.0 1.0017333 0.0012772067 1.0034081128434005 1.0 1.0 1.0 1.0034081128434005 -0.0016748097733321199
2460776.804047328 0.075 0.0 1.0011866 0.0012769859 1.0034075199406058 1.0 1.0 1.0 1.0034075199406058 -0.0022209106724173644
2460776.8054361953 0.075 0.0 1.0021648 0.0012784062 1.0034069270378112 1.0 1.0 1.0 1.0034069270378112 -0.0012420863395690152
2460776.8068250623 0.075 0.0 1.0029765 0.0012780938 1.0034063341352153 1.0 1.0 1.0 1.0034063341352153 -0.00042979738442183724
2460776.8082139296 0.075 0.0 1.0037124 0.0012789298 1.0034057412324204 1.0 1.0 1.0 1.0034057412324204 0.00030667446276999577
2460776.809602797 0.075 0.0 1.0027163 0.0012788492 1.0034051483296258 1.0 1.0 1.0 1.0034051483296258 -0.000688845457921694
2460776.810991664 0.075 0.0 1.005163 0.0012790386 1.0034045554270299 1.0 1.0 1.0 1.0034045554270299 0.0017583989034144487
2460776.8123805313 0.075 0.0 1.0047799 0.0012785115 1.0034039625242352 1.0 1.0 1.0 1.0034039625242352 0.0013759723588824269
2460776.8137693983 0.075 0.0 1.0035753 0.0012787507 1.0034033696216393 1.0 1.0 1.0 1.0034033696216393 0.0001719553905676907
2460776.8151582656 0.075 0.0 1.0055764 0.0012788026 1.0034027767188447 1.0 1.0 1.0 1.0034027767188447 0.002173595427761743
2460776.816547133 0.075 0.0 1.0026418 0.0012778137 1.0034021838160498 1.0 1.0 1.0 1.0034021838160498 -0.0007603867503149786
2460776.817936 0.075 0.0 1.0035237 0.0012796235 1.003401590913454 1.0 1.0 1.0 1.003401590913454 0.00012211647637760947
2460776.8193248673 0.075 0.0 0.9996626 0.0012772256 1.0034009980106593 1.0 1.0 1.0 1.0034009980106593 -0.0037384199047327815
2460776.8207137343 0.075 0.0 1.0045966 0.0012785997 1.0034004051080634 1.0 1.0 1.0 1.0034004051080634 0.0011961858877251874
2460776.8221026016 0.075 0.0 1.001184 0.0012781863 1.0033998122052687 1.0 1.0 1.0 1.0033998122052687 -0.002215825541450389
2460776.8234914686 0.075 0.0 1.0043789 0.0012782937 1.0033992193026728 1.0 1.0 1.0 1.0033992193026728 0.0009796955303960075
2460776.824880336 0.075 0.0 1.00336 0.0012780911 1.003398626399878 1.0 1.0 1.0 1.003398626399878 -3.859336459965945e-05
2460776.826269203 0.075 0.0 1.0035456 0.0012780373 1.003398033497282 1.0 1.0 1.0 1.003398033497282 0.00014760840182681534
2460776.8276580703 0.075 0.0 1.0038211 0.0012784342 1.0033974405944874 1.0 1.0 1.0 1.0033974405944874 0.0004236939727733091
2460776.829046937 0.075 0.0 1.0023344 0.0012787281 1.0033968476918915 1.0 1.0 1.0 1.0033968476918915 -0.0010624913839081263
2460776.8304358046 0.075 0.0 1.0066769 0.001279179 1.0033962547890969 1.0 1.0 1.0 1.0033962547890969 0.0032806575186423714
2460776.8318246715 0.075 0.0 1.0029961 0.0012778771 1.003395661886501 1.0 1.0 1.0 1.003395661886501 -0.00039957481222119284
2460776.8332135384 0.075 0.0 1.0031432 0.0012779713 1.003395068983905 1.0 1.0 1.0 1.003395068983905 -0.0002518776463196204
2460776.834602406 0.075 0.0 1.0041138 0.0012786958 1.0033944760811104 1.0 1.0 1.0 1.0033944760811104 0.0007193172919974788
2460776.8359912727 0.075 0.0 1.0034976 0.0012784253 1.0033938831785143 1.0 1.0 1.0 1.0033938831785143 0.000103717376905621
2460776.8373801396 0.075 0.0 1.0038031 0.0012784756 1.0033932902759184 1.0 1.0 1.0 1.0033932902759184 0.0004098436886201817
2460776.838769007 0.075 0.0 1.003152 0.0012786299 1.0033926973731238 1.0 1.0 1.0 1.0033926973731238 -0.00024068454811154716
2460776.840157874 0.075 0.0 1.0017891 0.0012776719 1.0033921044705278 1.0 1.0 1.0 1.0033921044705278 -0.0016030114529497208
2460776.841546741 0.075 0.0 1.0023689 0.0012781051 1.003391511567932 1.0 1.0 1.0 1.003391511567932 -0.0010225845659788124
2460776.8429356082 0.075 0.0 1.0047082 0.0012790976 1.0033909186651373 1.0 1.0 1.0 1.0033909186651373 0.0013172522256708064
2460776.844324475 0.075 0.0 1.0034908 0.0012790052 1.0033903257625414 1.0 1.0 1.0 1.0033903257625414 0.00010047986337413661
2460776.845713342 0.075 0.0 1.0044299 0.0012781163 1.0033897328599455 1.0 1.0 1.0 1.0033897328599455 0.0010402035490510997
2460776.847102209 0.075 0.0 1.002835 0.0012777074 1.0033891399573496 1.0 1.0 1.0 1.0033891399573496 -0.0005541046332528943
2460776.8484910764 0.075 0.0 1.0031337 0.0012784108 1.003388547054555 1.0 1.0 1.0 1.003388547054555 -0.00025489246013354894
2460776.8498799433 0.075 0.0 1.0037423 0.0012778933 1.003387954151959 1.0 1.0 1.0 1.003387954151959 0.0003543830749086485
2460776.85126881 0.075 0.0 1.0033548 0.001277848 1.0033873612493631 1.0 1.0 1.0 1.0033873612493631 -3.257342282503295e-05
2460776.852657677 0.075 0.0 1.0025979 0.0012779154 1.0033867683467672 1.0 1.0 1.0 1.0033867683467672 -0.0007888402995870347
2460776.854046544 0.075 0.0 1.0038269 0.0012787869 1.0033861754441713 1.0 1.0 1.0 1.0033861754441713 0.00044068116898787757
2460776.8554354114 0.075 0.0 1.0025351 0.0012781278 1.0033855825413764 1.0 1.0 1.0 1.0033855825413764 -0.0008504777897895277
2460776.8568242784 0.075 0.0 1.0043851 0.0012794762 1.0033849896387805 1.0 1.0 1.0 1.0033849896387805 0.001000124077344955
2460776.8582131453 0.075 0.0 1.0023329 0.001277262 1.0033843967361846 1.0 1.0 1.0 1.0033843967361846 -0.001051470939675836
2460776.859602012 0.075 0.0 1.0023841 0.0012778331 1.0033838038335887 1.0 1.0 1.0 1.0033838038335887 -0.0009997372518626424
2460776.860990879 0.075 0.0 1.0040237 0.0012779743 1.0033832109309928 1.0 1.0 1.0 1.0033832109309928 0.0006404602192147113
2460776.862379746 0.075 0.0 1.002415 0.0012775966 1.003382618028397 1.0 1.0 1.0 1.003382618028397 -0.0009676762406771733
2460776.863768613 0.075 0.0 1.0064293 0.0012788747 1.003382025125801 1.0 1.0 0.9996200796187424 1.0030008198442681 0.003428494769074142
2460776.86515748 0.075 0.0 1.002355 0.0012779103 1.003381432223205 1.0 1.0 0.998531369288049 1.0019078354360407 0.0004471440790350112
2460776.866546347 0.075 0.0 0.99973303 0.0012765492 1.0033808393206092 1.0 1.0 0.9970396545202103 1.0004104853884188 -0.0006774545923677877
2460776.8679352137 0.075 0.0 0.99840957 0.0012766917 1.0033802464180133 1.0 1.0 0.995256435098004 0.9986206470977487 -0.0002110778342904185
2460776.8693240806 0.075 0.0 0.9955193 0.0012752523 1.0033796535154174 1.0 1.0 0.9932594054292422 0.9966162780705224 -0.0010969976368676582
2460776.8707129476 0.075 0.0 0.9930376 0.0012736195 1.0033790606128214 1.0 1.0 0.9911163359942549 0.994465378167937 -0.0014277967241503875
2460776.8721018145 0.075 0.0 0.9930833 0.0012735185 1.0033784677102255 1.0 1.0 0.9888945589617325 0.9922355072980025 0.0008477909083268731
2460776.8734906814 0.075 0.0 0.991113 0.0012724105 1.0033778748076296 1.0 1.0 0.9866680449722529 0.9900008861048578 0.0011121209637762197
2460776.8748795483 0.075 0.0 0.9887883 0.0012721164 1.0033772819050337 1.0 1.0 0.9845267558628938 0.9878517802604911 0.0009365264526131067
2460776.8762684152 0.075 0.0 0.98780704 0.0012717199 1.0033766890024378 1.0 1.0 0.9825968124703559 0.985914736320855 0.0018922991253119692
2460776.877657282 0.075 0.0 0.9854761 0.0012700041 1.003376096099842 1.0 1.0 0.9811265019076975 0.9844388792642396 0.0010371973386962274
2460776.879046149 0.075 0.0 0.9851786 0.0012698078 1.003375503197246 1.0 1.0 0.9804983874176234 0.9838080628592462 0.001370526961615659
2460776.880435016 0.075 0.0 0.98182744 0.001268829 1.00337491029465 1.0 1.0 0.97997960790949 0.9832869511767709 -0.0014595132991158666
2460776.8818238825 0.075 0.0 0.98083854 0.0012682078 1.003374317392253 1.0 1.0 0.9795138642445196 0.9828190549125927 -0.00198051769640617
2460776.8832127494 0.075 0.0 0.9812826 0.0012677113 1.003373724489657 1.0 1.0 0.9790890367414081 0.9823922134022173 -0.00110962158245409
2460776.8846016163 0.075 0.0 0.98133093 0.0012678589 1.003373131587061 1.0 1.0 0.9786979970209383 0.981999274148883 -0.0006683429622069692
2460776.885990483 0.075 0.0 0.98237365 0.0012691848 1.0033725386844652 1.0 1.0 0.9783359752470263 0.9816354511699509 0.0007382036724258301
2460776.88737935 0.075 0.0 0.98139954 0.001268272 1.0033719457818693 1.0 1.0 0.9779995426022405 0.9812973040345883 0.00010223209822424195
2460776.8887682166 0.075 0.0 0.9806428 0.0012676542 1.003371352879472 1.0 1.0 0.9776861160362683 0.980982240938787 -0.0003394453760429128
2460776.8901570835 0.075 0.0 0.9836193 0.0012697902 1.0033707599768762 1.0 1.0 0.9773936830950419 0.9806882426036703 0.002931030105222554
2460776.8915459504 0.075 0.0 0.9812811 0.0012682197 1.0033701670742803 1.0 1.0 0.9771206364685575 0.9804136962651836 0.0008674054384602004
2460776.8929348174 0.075 0.0 0.98061186 0.0012683711 1.0033695741716844 1.0 1.0 0.9768656667854594 0.9801572881054649 0.0004545726466408384
2460776.894323684 0.075 0.0 0.9805172 0.0012679152 1.0033689812692874 1.0 1.0 0.9766276908554026 0.9799179312529619 0.0005992773232404991
2460776.8957125507 0.075 0.0 0.98124605 0.0012679959 1.0033683883666915 1.0 1.0 0.9764058010556728 0.9796947149971188 0.0015513391753970707
2460776.8971014176 0.075 0.0 0.97809976 0.0012667429 1.0033677954640956 1.0 1.0 0.9761992295702557 0.979486868907656 -0.0013871055142539168
2460776.8984902846 0.075 0.0 0.9775177 0.0012672901 1.0033672025614997 1.0 1.0 0.9760073213002028 0.9792937356525273 -0.0017760116153568983
2460776.899879151 0.075 0.0 0.97902584 0.0012680124 1.0033666096591025 1.0 1.0 0.9758295138201961 0.9791147508870605 -8.891012778311502e-05
2460776.901268018 0.075 0.0 0.98162264 0.0012677133 1.0033660167565066 1.0 1.0 0.9756653216551465 0.9789494274765802 0.0026732088416265842
2460776.9026568844 0.075 0.0 0.97926843 0.0012672626 1.0033654238541094 1.0 1.0 0.9755143246204706 0.9787973437985737 0.00047108786493943455
2460776.9040457513 0.075 0.0 0.9760076 0.0012661746 1.0033648309515135 1.0 1.0 0.9753761578639024 0.9786581337492513 -0.0026505529921101445
2460776.9054346182 0.075 0.0 0.9764667 0.0012664504 1.0033642380489176 1.0 1.0 0.9752505046452469 0.9785314795002005 -0.0020647641643545267
2460776.9068234847 0.075 0.0 0.97987777 0.0012677731 1.0033636451465204 1.0 1.0 0.975137090067854 0.9784171052080528 0.0014606647389991956
2460776.9082123516 0.075 0.0 0.97845066 0.0012669109 1.0033630522439245 1.0 1.0 0.9750356760499591 0.9783147719682054 0.00013588396898944755
2460776.909601218 0.075 0.0 0.97681576 0.0012658107 1.0033624593415276 1.0 1.0 0.9749460575718696 0.9782242740506376 -0.0014085139149869752
2460776.910990085 0.075 0.0 0.9782155 0.0012664862 1.0033618664389317 1.0 1.0 0.9748680591396104 0.9781454353500183 7.008026353760854e-05
2460776.9123789514 0.075 0.0 0.9782412 0.0012673358 1.0033612735365345 1.0 1.0 0.9748015323707149 0.9780781069648459 0.00016309825060822902
2460776.9137678184 0.075 0.0 0.9768711 0.0012666606 1.0033606806339386 1.0 1.0 0.9747463536357268 0.9780221648293926 -0.00115109158339044
2460776.915156685 0.075 0.0 0.97624516 0.00126645 1.0033600877315414 1.0 1.0 0.9747024225147212 0.9779775081665165 -0.0017323432953006979
2460776.9165455517 0.075 0.0 0.9764141 0.001266361 1.0033594948289455 1.0 1.0 0.9746696602937507 0.9779440579774376 -0.0015299735429282757
2460776.917934418 0.075 0.0 0.9781906 0.0012671679 1.0033589019265483 1.0 1.0 0.9746480090485434 0.977921756123843 0.0002688447481967726
2460776.919323285 0.075 0.0 0.9787975 0.0012680842 1.0033583090239524 1.0 1.0 0.9746374308096951 0.9779105644886651 0.0008869308764777317
2460776.9207121516 0.075 0.0 0.9776555 0.0012668158 1.0033577161215552 1.0 1.0 0.9746379071379889 0.977910464551465 -0.0002549941802186817
2460776.9221010185 0.075 0.0 0.97951645 0.001267811 1.0033571232189593 1.0 1.0 0.9746494388629946 0.9779214571245473 0.0015949894658763286
2460776.923489885 0.075 0.0 0.9776034 0.0012668199 1.0033565303165624 1.0 1.0 0.9746720460922421 0.9779435623636565 -0.0003401864519438913
2460776.9248787514 0.075 0.0 0.97903043 0.001267206 1.0033559374141652 1.0 1.0 0.974705768483191 0.9779768200394464 0.0010536102774786338
2460776.9262676183 0.075 0.0 0.9778949 0.00126746 1.0033553445115693 1.0 1.0 0.9747506657532967 0.9780212900497806 -0.00012638782047147412
2460776.927656485 0.075 0.0 0.9766593 0.0012662937 1.003354751609172 1.0 1.0 0.9748068183886259 0.978077053131247 -0.0014177551881318085
2460776.9290453517 0.075 0.0 0.978454 0.0012675667 1.0033541587065762 1.0 1.0 0.9748743288191499 0.9781442120369763 0.0003097817603259223
2460776.930434218 0.075 0.0 0.97872007 0.0012673638 1.003353565804179 1.0 1.0 0.9749533226529846 0.9782228927765043 0.000497176155075274
2460776.9318230846 0.075 0.0 0.97900355 0.0012675262 1.003352972901782 1.0 1.0 0.9750439505816297 0.9783132465259765 0.0006903020961548378
2460776.9332119515 0.075 0.0 0.97882724 0.0012668703 1.0033523799991861 1.0 1.0 0.9751463905188635 0.9784154517747176 0.00041178630816818274
2460776.934600818 0.075 0.0 0.97820413 0.0012668465 1.003351787096789 1.0 1.0 0.9752608501830498 0.9785297169166968 -0.0003255857902929593
2460776.9359896844 0.075 0.0 0.98129284 0.0012680286 1.0033511941943918 1.0 1.0 0.9753875706254415 0.9786562837894034 0.002636560029261159
2460776.937378551 0.075 0.0 0.98011035 0.0012677875 1.0033506012919946 1.0 1.0 0.9755268301776655 0.9787954316352342 0.001314915635731384
2460776.938767418 0.075 0.0 0.97802746 0.0012672485 1.0033500083893987 1.0 1.0 0.9756789495606502 0.9789474822270381 -0.0009200192677485397
2460776.9401562843 0.075 0.0 0.9818794 0.0012683448 1.0033494154870017 1.0 1.0 0.975844297888177 0.979112805892426 0.002766607235473173
2460776.9415451507 0.075 0.0 0.9783225 0.0012676825 1.0033488225846046 1.0 1.0 0.9760233007054484 0.9792918295779511 -0.0009693236270233996
2460776.942934017 0.075 0.0 0.9779538 0.001267134 1.0033482296822074 1.0 1.0 0.9762164494990113 0.979485046391483 -0.0015312547731358706
2460776.9443228836 0.075 0.0 0.9797062 0.00126764 1.0033476367798102 1.0 1.0 0.9764243140673572 0.9796930280138301 1.3199765558358223e-05
2460776.9457117505 0.075 0.0 0.97731966 0.001266492 1.0033470438772143 1.0 1.0 0.9766475584357049 0.9799164406663634 -0.0025967828637816215
2460776.947100617 0.075 0.0 0.9804022 0.001267707 1.0033464509748173 1.0 1.0 0.9768869612167093 0.9801560655403593 0.00024610607142661056
2460776.9484894834 0.075 0.0 0.98086244 0.0012686353 1.0033458580724202 1.0 1.0 0.9771434435087604 0.9804128267871366 0.0004496118916048619
2460776.94987835 0.075 0.0 0.9803075 0.0012677982 1.003345265170023 1.0 1.0 0.9774181058411017 0.9806878285871218 -0.00038030915123921094
2460776.9512672164 0.075 0.0 0.9811151 0.0012687334 1.0033446722676258 1.0 1.0 0.9777122800560594 0.9809824072048801 0.00013269556306427788
2460776.952656083 0.075 0.0 0.9818188 0.0012682268 1.0033440793652288 1.0 1.0 0.9780276036262541 0.9812982055541648 0.0005205896499977936
2460776.9540449493 0.075 0.0 0.9817752 0.0012683255 1.0033434864628317 1.0 1.0 0.9783661303534495 0.9816372842659793 0.0001379399428524941
2460776.9554338157 0.075 0.0 0.9822612 0.0012691806 1.0033428935604345 1.0 1.0 0.9787305033488738 0.9820022952459195 0.00025888563176601487
2460776.956822682 0.075 0.0 0.98314446 0.0012688256 1.0033423006580373 1.0 1.0 0.9791242430031475 0.9823967706048372 0.0007476915037748499
2460776.9582115486 0.075 0.0 0.9824777 0.0012697789 1.0033417077556404 1.0 1.0 0.9795522708892145 0.9828256483099 -0.0003479237577455052
2460776.959600415 0.075 0.0 0.98283535 0.0012687595 1.0033411148532432 1.0 1.0 0.9800220019663957 0.9832963680336707 -0.0004610156128638243
2460776.9609892815 0.075 0.0 0.98365957 0.0012687477 1.003340521950846 1.0 1.0 0.9805462524058962 0.9838217886858779 -0.00016222323711689857
2460776.962378148 0.075 0.0 0.98614806 0.001270536 1.0033399290484488 1.0 1.0 0.9812199821809827 0.9844971873023874 0.0016508720657461007
2460776.9637670144 0.075 0.0 0.9856361 0.0012705274 1.0033393361460519 1.0 1.0 0.9827503229562992 0.9860320566322913 -0.00039594155813360565
2460776.965155881 0.075 0.0 0.98880506 0.001272469 1.0033387432436547 1.0 1.0 0.9847051884101677 0.9879928662049638 0.000812189413322284
2460776.9665447474 0.075 0.0 0.9890978 0.0012717389 1.0033381503412575 1.0 1.0 0.9868580452929663 0.9901523258136337 -0.001054551784855584
2460776.967933614 0.075 0.0 0.9916411 0.0012733795 1.0033375574388603 1.0 1.0 0.9890873784902082 0.992388514427971 -0.0007474102066270527
2460776.9693224803 0.075 0.0 0.9957117 0.0012747211 1.0033369645364634 1.0 1.0 0.9913051383738876 0.9946130884654552 0.0010985957615345932
2460776.9707113467 0.075 0.0 0.9960513 0.0012750953 1.0033363716340662 1.0 1.0 0.9934382291688522 0.996752708296848 -0.0007013968039281115
2460776.972100213 0.075 0.0 1.0007019 0.0012766587 1.003335778731669 1.0 1.0 0.9954195600056344 0.9987400594029885 0.0019618448938865107
2460776.9734890796 0.075 0.0 1.000539 0.0012770342 1.0033351858292718 1.0 1.0 0.9971809567000607 1.0005067404960664 3.220470199272185e-05
2460776.974877946 0.075 0.0 1.0028065 0.0012778746 1.0033345929268749 1.0 1.0 0.9986431526006019 1.001973220993736 0.0008333233101580628
2460776.9762668125 0.075 0.0 1.0060145 0.0012789416 1.0033340000244777 1.0 1.0 0.9996889859785677 1.0030219490822903 0.0029925172034153125
2460776.9776556785 0.075 0.0 1.0035597 0.0012788211 1.0033334071222795 1.0 1.0 1.0 1.0033334071222795 0.00022630147299640413
2460776.979044545 0.075 0.0 1.0023615 0.0012782349 1.0033328142198823 1.0 1.0 1.0 1.0033328142198823 -0.0009712781938813198
2460776.9804334114 0.075 0.0 1.0031092 0.0012787614 1.0033322213174851 1.0 1.0 1.0 1.0033322213174851 -0.0002230046274216413
2460776.981822278 0.075 0.0 1.0025804 0.0012774263 1.003331628415088 1.0 1.0 1.0 1.003331628415088 -0.0007512241334717285
2460776.9832111443 0.075 0.0 1.0016677 0.0012781246 1.003331035512691 1.0 1.0 1.0 1.003331035512691 -0.0016632975518755533
2460776.9846000103 0.075 0.0 1.0008509 0.0012775676 1.0033304426104925 1.0 1.0 1.0 1.0033304426104925 -0.002479526701679058
2460776.985988877 0.075 0.0 1.0032358 0.0012780508 1.0033298497080954 1.0 1.0 1.0 1.0033298497080954 -9.403275252894971e-05
2460776.9873777432 0.075 0.0 1.0018479 0.0012771887 1.0033292568056984 1.0 1.0 1.0 1.0033292568056984 -0.0014813936083717394
2460776.9887666097 0.075 0.0 1.0046502 0.0012788104 1.0033286639033012 1.0 1.0 1.0 1.0033286639033012 0.0013215712727852047
2460776.9901554757 0.075 0.0 1.0045193 0.001277945 1.0033280710011028 1.0 1.0 1.0 1.0033280710011028 0.0011912723750568954
2460776.991544342 0.075 0.0 1.0026424 0.0012783781 1.0033274780987058 1.0 1.0 1.0 1.0033274780987058 -0.0006850849865231989
2460776.9929332086 0.075 0.0 1.0022733 0.0012771451 1.0033268851963086 1.0 1.0 1.0 1.0033268851963086 -0.0010535640445752392
2460776.9943220746 0.075 0.0 1.0046862 0.0012782092 1.0033262922941102 1.0 1.0 1.0 1.0033262922941102 0.0013599440874205726
2460776.995710941 0.075 0.0 1.0027492 0.0012782264 1.0033256993917132 1.0 1.0 1.0 1.0033256993917132 -0.0005764947560931155
2460776.9970998075 0.075 0.0 1.0008194 0.0012774054 1.003325106489316 1.0 1.0 1.0 1.003325106489316 -0.002505661832943984
2460776.9984886735 0.075 0.0 1.0039107 0.0012785705 1.0033245135871176 1.0 1.0 1.0 1.0033245135871176 0.0005861471565957732
2460776.99987754 0.075 0.0 1.0038853 0.0012782852 1.0033239206847206 1.0 1.0 1.0 1.0033239206847206 0.0005613484803184132
2460777.001266406 0.075 0.0 1.0036789 0.0012777187 1.0033233277825222 1.0 1.0 1.0 1.0033233277825222 0.0003555901023044594
2460777.0026552724 0.075 0.0 1.0037794 0.0012782045 1.003322734880125 1.0 1.0 1.0 1.003322734880125 0.0004566764357929465
2460777.0040441384 0.075 0.0 1.0019037 0.0012773095 1.0033221419779268 1.0 1.0 1.0 1.0033221419779268 -0.00141848883309037
2460777.005433005 0.075 0.0 1.0032783 0.0012783194 1.0033215490755296 1.0 1.0 1.0 1.0033215490755296 -4.329361288313294e-05
2460777.0068218713 0.075 0.0 1.0030912 0.001278727 1.0033209561731324 1.0 1.0 1.0 1.0033209561731324 -0.00022974008579113026
2460777.0082107373 0.075 0.0 1.0023941 0.0012777665 1.0033203632709342 1.0 1.0 1.0 1.0033203632709342 -0.0009262831088858725
2460777.0095996037 0.075 0.0 1.0023761 0.0012773607 1.003319770368537 1.0 1.0 1.0 1.003319770368537 -0.000943690809210862
2460777.0109884697 0.075 0.0 1.0009866 0.0012770734 1.0033191774663388 1.0 1.0 1.0 1.0033191774663388 -0.0023326013860165418
2460777.012377336 0.075 0.0 1.0038822 0.0012780251 1.0033185845639416 1.0 1.0 1.0 1.0033185845639416 0.0005635851595691133
2460777.013766202 0.075 0.0 1.0039643 0.0012782906 1.0033179916617432 1.0 1.0 1.0 1.0033179916617432 0.0006463132622680501
2460777.015155068 0.075 0.0 1.0028676 0.001277993 1.003317398759545 1.0 1.0 1.0 1.003317398759545 -0.0004498192994009109
2460777.0165439346 0.075 0.0 1.0020089 0.0012775811 1.0033168058571478 1.0 1.0 1.0 1.0033168058571478 -0.0013078909096380098
2460777.0179328006 0.075 0.0 1.0040429 0.0012785606 1.0033162129549495 1.0 1.0 1.0 1.0033162129549495 0.0007266508908756464
2460777.019321667 0.075 0.0 1.0051929 0.0012783785 1.0033156200525524 1.0 1.0 1.0 1.0033156200525524 0.0018772558095692116
2460777.020710533 0.075 0.0 1.00355 0.0012781981 1.0033150271503541 1.0 1.0 1.0 1.0033150271503541 0.00023502549246812166
2460777.022099399 0.075 0.0 1.0047108 0.0012791794 1.0033144342481557 1.0 1.0 1.0 1.0033144342481557 0.0013963592470225272
2460777.0234882655 0.075 0.0 1.0042566 0.0012779523 1.0033138413457585 1.0 1.0 1.0 1.0033138413457585 0.0009427647562312291
2460777.0248771315 0.075 0.0 1.0025116 0.0012778275 1.0033132484435603 1.0 1.0 1.0 1.0033132484435603 -0.0008016279220148803
2460777.0262659974 0.075 0.0 1.0027943 0.0012775721 1.0033126555413618 1.0 1.0 1.0 1.0033126555413618 -0.0005183897942915294
2460777.027654864 0.075 0.0 1.0025188 0.0012783374 1.0033120626389649 1.0 1.0 1.0 1.0033120626389649 -0.0007932895600464285
2460777.02904373 0.075 0.0 1.003604 0.0012783151 1.0033114697367664 1.0 1.0 1.0 1.0033114697367664 0.00029258471422233256
2460777.030432596 0.075 0.0 1.0032893 0.0012783449 1.0033108768345682 1.0 1.0 1.0 1.0033108768345682 -2.1534907993503438e-05
2460777.0318214623 0.075 0.0 1.0007893 0.0012774984 1.003310283932171 1.0 1.0 1.0 1.003310283932171 -0.0025209992260553094
2460777.0332103283 0.075 0.0 1.0029615 0.0012772408 1.0033096910299726 1.0 1.0 1.0 1.0033096910299726 -0.00034817464966252487
2460777.0345991943 0.075 0.0 1.0039468 0.0012784515 1.0033090981277744 1.0 1.0 1.0 1.0033090981277744 0.0006376830306729087
2460777.0359880603 0.075 0.0 1.0048122 0.0012790004 1.003308505225576 1.0 1.0 1.0 1.003308505225576 0.001503735375010029
2460777.0373769267 0.075 0.0 1.0015938 0.0012773935 1.003307912323179 1.0 1.0 1.0 1.003307912323179 -0.0017140841218850067
2460777.0387657927 0.075 0.0 1.0055258 0.001278454 1.0033073194209805 1.0 1.0 1.0 1.0033073194209805 0.0022185079868564106
2460777.0401546587 0.075 0.0 1.001576 0.0012776791 1.0033067265187823 1.0 1.0 1.0 1.0033067265187823 -0.0017307797109209488
2460777.0415435247 0.075 0.0 1.0030508 0.0012778401 1.0033061336165838 1.0 1.0 1.0 1.0033061336165838 -0.0002553294784002347
2460777.0429323907 0.075 0.0 1.0027332 0.0012765058 1.0033055407143856 1.0 1.0 1.0 1.0033055407143856 -0.0005723101235652894
2460777.0443212567 0.075 0.0 1.0039911 0.0012786159 1.0033049478121872 1.0 1.0 1.0 1.0033049478121872 0.0006861792019730029
2460777.045710123 0.075 0.0 1.0044397 0.0012787399 1.0033043549097902 1.0 1.0 1.0 1.0033043549097902 0.0011353566609495491
2460777.047098989 0.075 0.0 1.0017395 0.0012779048 1.0033037620075917 1.0 1.0 1.0 1.0033037620075917 -0.0015642600544667484
2460777.048487855 0.075 0.0 1.002545 0.0012779027 1.0033031691053935 1.0 1.0 1.0 1.0033031691053935 -0.000758169982773893
2460777.049876721 0.075 0.0 1.0015184 0.00127727 1.003302576203195 1.0 1.0 1.0 1.003302576203195 -0.0017842074821867726
2460777.051265587 0.075 0.0 1.0037937 0.0012788231 1.0033019833009968 1.0 1.0 1.0 1.0033019833009968 0.0004917331296672156
2460777.052654453 0.075 0.0 1.0035274 0.0012780272 1.0033013903987984 1.0 1.0 1.0 1.0033013903987984 0.00022601247900921884
2460777.054043319 0.075 0.0 1.0041829 0.0012788972 1.0033007974966002 1.0 1.0 1.0 1.0033007974966002 0.0008821372644471914
2460777.055432185 0.075 0.0 1.0034889 0.0012774946 1.0033002045944017 1.0 1.0 1.0 1.0033002045944017 0.00018869368288099153
2460777.056821051 0.075 0.0 1.0042888 0.0012785044 1.0032996116922035 1.0 1.0 1.0 1.0032996116922035 0.0009891809179649602
2460777.058209917 0.075 0.0 1.0033951 0.0012785055 1.003299018790005 1.0 1.0 1.0 1.003299018790005 9.606177640120173e-05
2460777.059598783 0.075 0.0 1.0027515 0.0012775881 1.0032984258878068 1.0 1.0 1.0 1.0032984258878068 -0.0005469562756852397
2460777.060987649 0.075 0.0 1.0030944 0.001277829 1.0032978329856084 1.0 1.0 1.0 1.0032978329856084 -0.00020339824744919355
2460777.062376515 0.075 0.0 1.0023949 0.0012774039 1.0032972400834101 1.0 1.0 1.0 1.0032972400834101 -0.0009023254563349514
2460777.063765381 0.075 0.0 1.0039457 0.0012786726 1.0032966471812117 1.0 1.0 1.0 1.0032966471812117 0.0006490610936296104
2460777.065154247 0.075 0.0 1.0038991 0.0012796005 1.0032960542790135 1.0 1.0 1.0 1.0032960542790135 0.0006030431636134814
2460777.066543113 0.075 0.0 1.0026768 0.001277634 1.003295461376815 1.0 1.0 1.0 1.003295461376815 -0.0006186167799522302
2460777.067931979 0.075 0.0 1.004472 0.0012795157 1.0032948684746168 1.0 1.0 1.0 1.0032948684746168 0.0011771488135912112
2460777.069320845 0.075 0.0 1.002874 0.00127767 1.0032942755724183 1.0 1.0 1.0 1.0032942755724183 -0.00042025881063856296
2460777.0707097105 0.075 0.0 1.0024744 0.001278222 1.0032936826704189 1.0 1.0 1.0 1.0032936826704189 -0.0008192554472132851
2460777.0720985765 0.075 0.0 1.0050784 0.0012784104 1.0032930897682206 1.0 1.0 1.0 1.0032930897682206 0.001785345175932207
2460777.0734874425 0.075 0.0 1.0037528 0.0012791182 1.0032924968660222 1.0 1.0 1.0 1.0032924968660222 0.000460330778325968
2460777.0748763084 0.075 0.0 1.0035625 0.0012780832 1.003291903963824 1.0 1.0 1.0 1.003291903963824 0.00027054644511159687
2460777.0762651744 0.075 0.0 1.0035486 0.0012783014 1.0032913110616255 1.0 1.0 1.0 1.0032913110616255 0.0002573110697221548
2460777.0776540404 0.075 0.0 1.0032678 0.0012780427 1.0032907181594273 1.0 1.0 1.0 1.0032907181594273 -2.2953114261259344e-05
2460777.079042906 0.075 0.0 1.0034407 0.0012778187 1.0032901252574278 1.0 1.0 1.0 1.0032901252574278 0.00015061246687642083
2460777.080431772 0.075 0.0 1.004635 0.0012785716 1.0032895323552293 1.0 1.0 1.0 1.0032895323552293 0.001345444031794596
2460777.081820638 0.075 0.0 1.0062432 0.0012792238 1.003288939453031 1.0 1.0 1.0 1.003288939453031 0.0029542894593224123
2460777.083209504 0.075 0.0 1.0027243 0.001277959 1.0032883465508327 1.0 1.0 1.0 1.0032883465508327 -0.0005640566567286509
2460777.0845983694 0.075 0.0 1.0039066 0.0012788195 1.0032877536488332 1.0 1.0 1.0 1.0032877536488332 0.0006188539790354941
2460777.0859872354 0.075 0.0 1.0026722 0.0012779316 1.0032871607466347 1.0 1.0 1.0 1.0032871607466347 -0.0006149653120643972
2460777.0873761014 0.075 0.0 1.0031431 0.0012776008 1.0032865678444365 1.0 1.0 1.0 1.0032865678444365 -0.00014349571614058476
2460777.0887649674 0.075 0.0 1.0047462 0.0012783002 1.003285974942238 1.0 1.0 1.0 1.003285974942238 0.00146022371193677
2460777.090153833 0.075 0.0 1.0047994 0.0012794011 1.0032853820402385 1.0 1.0 1.0 1.0032853820402385 0.001513983957075915
2460777.091542699 0.075 0.0 1.0033568 0.0012787463 1.0032847891380403 1.0 1.0 1.0 1.0032847891380403 7.202524642013763e-05
2460777.092931565 0.075 0.0 1.0032616 0.0012787195 1.0032841962358419 1.0 1.0 1.0 1.0032841962358419 -2.2630073732488043e-05
2460777.0943204304 0.075 0.0 1.0027833 0.001277767 1.0032836033338424 1.0 1.0 1.0 1.0032836033338424 -0.0005003048414107258
2460777.0957092964 0.075 0.0 1.004426 0.0012793632 1.0032830104316441 1.0 1.0 1.0 1.0032830104316441 0.0011429920707972663
2460777.097098162 0.075 0.0 1.0034926 0.0012780706 1.0032824175296444 1.0 1.0 1.0 1.0032824175296444 0.0002101762356143677
2460777.098487028 0.075 0.0 1.0059024 0.0012796115 1.0032818246274462 1.0 1.0 1.0 1.0032818246274462 0.002620584926081637
2460777.099875894 0.075 0.0 1.0026441 0.0012780458 1.0032812317252477 1.0 1.0 1.0 1.0032812317252477 -0.0006371696830114182
2460777.1012647594 0.075 0.0 1.0045669 0.0012787142 1.0032806388232482 1.0 1.0 1.0 1.0032806388232482 0.00128626905944218
2460777.1026536254 0.075 0.0 1.0020851 0.0012775459 1.00328004592105 1.0 1.0 1.0 1.00328004592105 -0.0011949562375173084
2460777.104042491 0.075 0.0 1.0046127 0.0012787293 1.0032794530190505 1.0 1.0 1.0 1.0032794530190505 0.001333231230827403
2460777.105431357 0.075 0.0 1.003207 0.0012778769 1.003278860116852 1.0 1.0 1.0 1.003278860116852 -7.189180935696093e-05
2460777.1068202225 0.075 0.0 1.0055778 0.0012787024 1.0032782672148526 1.0 1.0 1.0 1.0032782672148526 0.002299535443228473
2460777.1082090884 0.075 0.0 1.0013543 0.0012776405 1.0032776743126541 1.0 1.0 1.0 1.0032776743126541 -0.0019233375740677072
2460777.109597954 0.075 0.0 1.0038542 0.001278377 1.0032770814106546 1.0 1.0 1.0 1.0032770814106546 0.0005770741298116722
2460777.11098682 0.075 0.0 1.0023844 0.0012776351 1.0032764885084564 1.0 1.0 1.0 1.0032764885084564 -0.0008920642988616834
2460777.1123756855 0.075 0.0 1.0031406 0.0012783837 1.0032758956064567 1.0 1.0 1.0 1.0032758956064567 -0.00013532687324135928
2460777.1137645515 0.075 0.0 1.002641 0.0012775953 1.0032753027042585 1.0 1.0 1.0 1.0032753027042585 -0.000634340103550457
2460777.115153417 0.075 0.0 1.0027249 0.0012784435 1.003274709802259 1.0 1.0 1.0 1.003274709802259 -0.0005498238617072104
2460777.116542283 0.075 0.0 1.0031888 0.0012782415 1.0032741169000605 1.0 1.0 1.0 1.0032741169000605 -8.526840457712126e-05
2460777.1179311485 0.075 0.0 1.0041561 0.0012785892 1.003273523998061 1.0 1.0 1.0 1.003273523998061 0.0008825886728374144
2460777.119320014 0.075 0.0 1.0034028 0.0012775635 1.0032729310960615 1.0 1.0 1.0 1.0032729310960615 0.00012989807416552424
2460777.12070888 0.075 0.0 1.0043573 0.0012783512 1.003272338193863 1.0 1.0 1.0 1.003272338193863 0.0010849997577970782
2460777.1220977455 0.075 0.0 1.0042986 0.0012792585 1.0032717452918636 1.0 1.0 1.0 1.0032717452918636 0.0010268224800480397
2460777.123486611 0.075 0.0 1.0078638 0.0012792479 1.003271152389864 1.0 1.0 1.0 1.003271152389864 0.004592607604642751
2460777.124875477 0.075 0.0 1.0034525 0.0012787476 1.0032705594876656 1.0 1.0 1.0 1.0032705594876656 0.00018197995630409025
2460777.1262643426 0.075 0.0 1.0033625 0.0012787551 1.0032699665856661 1.0 1.0 1.0 1.0032699665856661 9.256984469274698e-05
2460777.127653208 0.075 0.0 1.0005518 0.0012770444 1.0032693736836666 1.0 1.0 1.0 1.0032693736836666 -0.0027175538823360768
2460777.129042074 0.075 0.0 1.0039103 0.0012784614 1.0032687807814684 1.0 1.0 1.0 1.0032687807814684 0.0006415223343763099
2460777.1304309396 0.075 0.0 1.001589 0.001277688 1.0032681878794687 1.0 1.0 1.0 1.0032681878794687 -0.0016792472590463348
2460777.131819805 0.075 0.0 1.004005 0.0012787505 1.0032675949774692 1.0 1.0 1.0 1.0032675949774692 0.0007373603142788454
2460777.1332086707 0.075 0.0 1.0024195 0.0012782401 1.0032670020754697 1.0 1.0 1.0 1.0032670020754697 -0.0008475303347470486
2460777.1345975366 0.075 0.0 1.0034969 0.0012785699 1.0032664091732713 1.0 1.0 1.0 1.0032664091732713 0.00023047612641136084
2460777.135986402 0.075 0.0 1.0058838 0.0012796364 1.0032658162712718 1.0 1.0 1.0 1.0032658162712718 0.0026179966330861504
2460777.1373752677 0.075 0.0 1.0035974 0.0012792456 1.0032652233692723 1.0 1.0 1.0 1.0032652233692723 0.0003321553615016626
2460777.138764133 0.075 0.0 1.0015563 0.0012776484 1.0032646304672728 1.0 1.0 1.0 1.0032646304672728 -0.0017083531921873174
2460777.140152999 0.075 0.0 1.0016847 0.0012776161 1.0032640375650743 1.0 1.0 1.0 1.0032640375650743 -0.0015793718851426775
2460777.1415418647 0.075 0.0 1.0033065 0.0012783114 1.0032634446630748 1.0 1.0 1.0 1.0032634446630748 4.3063401195198026e-05
2460777.1429307302 0.075 0.0 1.0028979 0.0012790592 1.0032628517610753 1.0 1.0 1.0 1.0032628517610753 -0.0003649931413853835
2460777.144319596 0.075 0.0 1.0042502 0.0012791349 1.0032622588590758 1.0 1.0 1.0 1.0032622588590758 0.0009879099412781756
2460777.1457084613 0.075 0.0 1.0027875 0.0012789321 1.003261665957076 1.0 1.0 1.0 1.003261665957076 -0.00047419513951019177
2460777.147097327 0.075 0.0 1.0026174 0.001277526 1.0032610730550766 1.0 1.0 1.0 1.0032610730550766 -0.00064371389369966
2460777.1484861923 0.075 0.0 1.0044346 0.001278096 1.0032604801530771 1.0 1.0 1.0 1.0032604801530771 0.001174105418211946
2460777.149875058 0.075 0.0 1.0002537 0.0012765268 1.0032598872510776 1.0 1.0 1.0 1.0032598872510776 -0.0030062098829135575
2460777.151263924 0.075 0.0 1.0040368 0.0012786774 1.0032592943488792 1.0 1.0 1.0 1.0032592943488792 0.000777489823178934
2460777.1526527894 0.075 0.0 1.0046122 0.0012792872 1.0032587014468797 1.0 1.0 1.0 1.0032587014468797 0.0013535059658400517
2460777.154041655 0.075 0.0 1.0014092 0.0012779363 1.0032581085448802 1.0 1.0 1.0 1.0032581085448802 -0.0018489355331003932
2460777.1554305204 0.075 0.0 1.00375 0.001278341 1.0032575156428807 1.0 1.0 1.0 1.0032575156428807 0.000492450978518244
2460777.156819386 0.075 0.0 1.0046803 0.0012784825 1.003256922740881 1.0 1.0 1.0 1.003256922740881 0.0014233531761722595
2460777.1582082515 0.075 0.0 1.0026813 0.0012780171 1.0032563298388815 1.0 1.0 1.0 1.0032563298388815 -0.0005750744983052947
2460777.159597117 0.075 0.0 1.002366 0.0012780875 1.003255736936882 1.0 1.0 1.0 1.003255736936882 -0.0008897901671676145
2460777.1609859825 0.075 0.0 1.0041502 0.0012781584 1.0032551440348825 1.0 1.0 1.0 1.0032551440348825 0.000895008171538425
2460777.162374848 0.075 0.0 1.0039161 0.0012787976 1.003254551132883 1.0 1.0 1.0 1.003254551132883 0.000661593238149738
2460777.1637637136 0.075 0.0 1.0051856 0.0012783046 1.0032539582308833 1.0 1.0 1.0 1.0032539582308833 0.0019316458645757262
2460777.165152579 0.075 0.0 1.0019836 0.0012779911 1.0032533653288838 1.0 1.0 1.0 1.0032533653288838 -0.0012697227507587616
2460777.166541444 0.075 0.0 1.0017486 0.0012782518 1.003252772427083 1.0 1.0 1.0 1.003252772427083 -0.0015042105679521356
2460777.1679303097 0.075 0.0 1.0022494 0.001277823 1.0032521795250835 1.0 1.0 1.0 1.0032521795250835 -0.001002819440549807
2460777.169319175 0.075 0.0 1.0057942 0.0012793604 1.003251586623084 1.0 1.0 1.0 1.003251586623084 0.002542580895531721
2460777.1707080407 0.075 0.0 1.0041867 0.001278435 1.0032509937210845 1.0 1.0 1.0 1.0032509937210845 0.000935755737228483
2460777.172096906 0.075 0.0 1.0075259 0.0012800621 1.0032504008190848 1.0 1.0 1.0 1.0032504008190848 0.004275520048835135
2460777.1734857718 0.075 0.0 1.0018295 0.0012774408 1.0032498079170853 1.0 1.0 1.0 1.0032498079170853 -0.0014203029503494502
2460777.1748746373 0.075 0.0 1.0046065 0.0012787208 1.0032492150150858 1.0 1.0 1.0 1.0032492150150858 0.0013572703517354956
2460777.176263503 0.075 0.0 1.00539 0.0012794612 1.0032486221130863 1.0 1.0 1.0 1.0032486221130863 0.0021414259139522773
2460777.177652368 0.075 0.0 1.0035591 0.0012788331 1.0032480292112855 1.0 1.0 1.0 1.0032480292112855 0.00031108333754259476
2460777.1790412334 0.075 0.0 1.0016637 0.0012775394 1.003247436309286 1.0 1.0 1.0 1.003247436309286 -0.0015837514643153305
2460777.180430099 0.075 0.0 1.0050272 0.0012794662 1.0032468434072863 1.0 1.0 1.0 1.0032468434072863 0.001780331542359681
2460777.1818189644 0.075 0.0 1.0048105 0.0012788199 1.0032462505052868 1.0 1.0 1.0 1.0032462505052868 0.0015642019559558573
2460777.18320783 0.075 0.0 1.0018171 0.0012779048 1.0032456576032873 1.0 1.0 1.0 1.0032456576032873 -0.0014285504026647633
2460777.184596695 0.075 0.0 1.0024364 0.0012781735 1.0032450647014866 1.0 1.0 1.0 1.0032450647014866 -0.000808665241647688
2460777.1859855605 0.075 0.0 1.0022252 0.0012771639 1.003244471799487 1.0 1.0 1.0 1.003244471799487 -0.0010193112007321758
2460777.187374426 0.075 0.0 1.0020784 0.0012777646 1.0032438788974876 1.0 1.0 1.0 1.0032438788974876 -0.001165464934169691
2460777.188763291 0.075 0.0 1.0045711 0.0012789828 1.0032432859956868 1.0 1.0 1.0 1.0032432859956868 0.0013277942121379116
2460777.1901521566 0.075 0.0 1.0033535 0.0012786676 1.003242693093687 1.0 1.0 1.0 1.003242693093687 0.00011078343066595053
2460777.191541022 0.075 0.0 1.004283 0.0012788251 1.0032421001916876 1.0 1.0 1.0 1.0032421001916876 0.0010408511632928885
2460777.1929298877 0.075 0.0 1.0041541 0.0012784352 1.003241507289688 1.0 1.0 1.0 1.003241507289688 0.0009125788232879906
2460777.1943187527 0.075 0.0 1.0035539 0.0012783876 1.0032409143878873 1.0 1.0 1.0 1.0032409143878873 0.0003129529522005736
2460777.1957076183 0.075 0.0 1.0010087 0.0012779696 1.0032403214858878 1.0 1.0 1.0 1.0032403214858878 -0.0022315724777091095
2460777.1970964833 0.075 0.0 1.0025216 0.0012778408 1.003239728584087 1.0 1.0 1.0 1.003239728584087 -0.000718094482219378
2460777.198485349 0.075 0.0 1.0044289 0.0012783086 1.0032391356820876 1.0 1.0 1.0 1.0032391356820876 0.0011897278433030678
2460777.1998742144 0.075 0.0 1.002786 0.0012776206 1.0032385427800878 1.0 1.0 1.0 1.0032385427800878 -0.00045250247399653
2460777.2012630794 0.075 0.0 1.0008353 0.0012782435 1.0032379498782873 1.0 1.0 1.0 1.0032379498782873 -0.0024026503864049698
2460777.202651945 0.075 0.0 1.002317 0.0012786697 1.0032373569762876 1.0 1.0 1.0 1.0032373569762876 -0.000920405224578591
2460777.20404081 0.075 0.0 1.0052948 0.0012786768 1.0032367640744868 1.0 1.0 1.0 1.0032367640744868 0.0020580357302006913
2460777.2054296755 0.075 0.0 1.0013266 0.0012773583 1.0032361711724873 1.0 1.0 1.0 1.0032361711724873 -0.0019096101983662184
2460777.206818541 0.075 0.0 1.0041716 0.0012788698 1.0032355782704878 1.0 1.0 1.0 1.0032355782704878 0.0009360316080522235
2460777.208207406 0.075 0.0 1.0038316 0.0012782553 1.003234985368687 1.0 1.0 1.0 1.003234985368687 0.000596639616054162
2460777.2095962716 0.075 0.0 1.0043453 0.001279369 1.0032343924666876 1.0 1.0 1.0 1.0032343924666876 0.001110905346727975
2460777.2109851367 0.075 0.0 1.0025835 0.0012783005 1.0032337995648868 1.0 1.0 1.0 1.0032337995648868 -0.0006502958417422544
2460777.212374002 0.075 0.0 1.0014615 0.0012772264 1.0032332066628873 1.0 1.0 1.0 1.0032332066628873 -0.001771700772994711
2460777.2137628673 0.075 0.0 1.0045338 0.0012787931 1.0032326137610865 1.0 1.0 1.0 1.0032326137610865 0.00130115393910879
2460777.215151733 0.075 0.0 1.002339 0.001277821 1.0032320208590868 1.0 1.0 1.0 1.0032320208590868 -0.0008930153888109249
2460777.216540598 0.075 0.0 1.0030804 0.001278222 1.0032314279572863 1.0 1.0 1.0 1.0032314279572863 -0.0001510599152940717
2460777.217929463 0.075 0.0 1.0043161 0.0012788549 1.0032308350554855 1.0 1.0 1.0 1.0032308350554855 0.0010852564819900934
2460777.2193183284 0.075 0.0 1.0038006 0.0012787924 1.0032302421534858 1.0 1.0 1.0 1.0032302421534858 0.0005703884159722339
2460777.2207071935 0.075 0.0 1.0023922 0.0012778741 1.003229649251685 1.0 1.0 1.0 1.003229649251685 -0.0008374764382694799
2460777.222096059 0.075 0.0 1.0032628 0.0012786494 1.0032290563496855 1.0 1.0 1.0 1.0032290563496855 3.3701905319372116e-05
2460777.223484924 0.075 0.0 1.0027523 0.0012777522 1.0032284634478847 1.0 1.0 1.0 1.0032284634478847 -0.00047615937073630654
2460777.224873789 0.075 0.0 1.0037359 0.001277896 1.003227870546084 1.0 1.0 1.0 1.003227870546084 0.0005080293791479562
2460777.2262626546 0.075 0.0 1.0015001 0.0012778611 1.0032272776440845 1.0 1.0 1.0 1.0032272776440845 -0.0017271479443774496
2460777.2276515197 0.075 0.0 1.0041361 0.0012781768 1.0032266847422837 1.0 1.0 1.0 1.0032266847422837 0.0009094007679701921
2460777.2290403848 0.075 0.0 1.0018289 0.0012775899 1.003226091840483 1.0 1.0 1.0 1.003226091840483 -0.0013971829201948616
2460777.2304292503 0.075 0.0 1.0006498 0.0012773878 1.0032254989384835 1.0 1.0 1.0 1.0032254989384835 -0.0025756891011421423
2460777.2318181153 0.075 0.0 1.0034124 0.0012781821 1.0032249060366827 1.0 1.0 1.0 1.0032249060366827 0.000187459876708429
2460777.2332069804 0.075 0.0 1.0039468 0.0012781676 1.003224313134882 1.0 1.0 1.0 1.003224313134882 0.000722468023565348
2460777.234595846 0.075 0.0 1.001704 0.0012782385 1.0032237202328824 1.0 1.0 1.0 1.0032237202328824 -0.0015197426480435539
2460777.235984711 0.075 0.0 1.0019231 0.0012777289 1.0032231273310817 1.0 1.0 1.0 1.0032231273310817 -0.0013000430720484513
2460777.237373576 0.075 0.0 1.0025111 0.0012782537 1.0032225344292809 1.0 1.0 1.0 1.0032225344292809 -0.0007113907448936807
2460777.238762441 0.075 0.0 1.0038368 0.0012782096 1.0032219415274801 1.0 1.0 1.0 1.0032219415274801 0.0006148094567117734
2460777.2401513066 0.075 0.0 1.0036031 0.0012787258 1.0032213486254806 1.0 1.0 1.0 1.0032213486254806 0.0003817521511917388
2460777.2415401717 0.075 0.0 1.0033172 0.0012783379 1.0032207557236799 1.0 1.0 1.0 1.0032207557236799 9.648117664973199e-05
2460777.2429290367 0.075 0.0 1.0048733 0.0012796466 1.003220162821879 1.0 1.0 1.0 1.003220162821879 0.0016531129349568463
2460777.244317902 0.075 0.0 1.0031804 0.0012781884 1.0032195699200783 1.0 1.0 1.0 1.0032195699200783 -3.9185284153031574e-05
2460777.245706767 0.075 0.0 1.0032463 0.0012777942 1.0032189770182776 1.0 1.0 1.0 1.0032189770182776 2.733035476931711e-05
2460777.247095632 0.075 0.0 1.0017545 0.0012776579 1.0032183841164768 1.0 1.0 1.0 1.0032183841164768 -0.0014638617928683928
2460777.2484844974 0.075 0.0 1.0031737 0.0012779153 1.0032177912144773 1.0 1.0 1.0 1.0032177912144773 -4.408229876684544e-05
2460777.2498733625 0.075 0.0 1.004356 0.0012784497 1.0032171983126765 1.0 1.0 1.0 1.0032171983126765 0.0011388283367985697
2460777.2512622275 0.075 0.0 1.0028036 0.0012782874 1.0032166054108758 1.0 1.0 1.0 1.0032166054108758 -0.0004130413392204879
2460777.2526510926 0.075 0.0 1.0023855 0.0012774352 1.003216012509075 1.0 1.0 1.0 1.003216012509075 -0.0008305154158743111
2460777.2540399577 0.075 0.0 1.0049626 0.0012790003 1.0032154196072742 1.0 1.0 1.0 1.0032154196072742 0.0017471439074352446
2460777.2554288227 0.075 0.0 1.0049393 0.0012792415 1.0032148267054735 1.0 1.0 1.0 1.0032148267054735 0.001724490997773609
2460777.256817688 0.075 0.0 1.0007693 0.001277209 1.0032142338036727 1.0 1.0 1.0 1.0032142338036727 -0.0024449762582015033
2460777.258206553 0.075 0.0 1.0020192 0.001277267 1.003213640901872 1.0 1.0 1.0 1.003213640901872 -0.0011944739554607953
2460777.259595418 0.075 0.0 1.000158 0.0012771346 1.0032130480000712 1.0 1.0 1.0 1.0032130480000712 -0.0030550956914163763
2460777.260984283 0.075 0.0 1.004307 0.0012781571 1.0032124550982704 1.0 1.0 1.0 1.0032124550982704 0.0010945765331993318
2460777.262373148 0.075 0.0 1.0031804 0.0012780781 1.0032118621964696 1.0 1.0 1.0 1.0032118621964696 -3.147756054433515e-05
2460777.263762013 0.075 0.0 1.0037361 0.0012784933 1.0032112692946689 1.0 1.0 1.0 1.0032112692946689 0.0005248690491421737
2460777.265150878 0.075 0.0 1.0003057 0.0012770002 1.0032106763928683 1.0 1.0 1.0 1.0032106763928683 -0.0029050237744601137
2460777.266539743 0.075 0.0 1.0031037 0.0012786147 1.0032100834910676 1.0 1.0 1.0 1.0032100834910676 -0.00010635042832340957
2460777.267928608 0.075 0.0 1.0059998 0.001278844 1.0032094905892668 1.0 1.0 1.0 1.0032094905892668 0.0027903129538240368
2460777.2693174733 0.075 0.0 1.0031372 0.0012781137 1.003208897687466 1.0 1.0 1.0 1.003208897687466 -7.166681435810673e-05
2460777.2707063383 0.075 0.0 1.0031348 0.0012777379 1.0032083047856653 1.0 1.0 1.0 1.0032083047856653 -7.34580983483557e-05
2460777.2720952034 0.075 0.0 1.0014318 0.0012777513 1.0032077118838645 1.0 1.0 1.0 1.0032077118838645 -0.00177588910707005
2460777.2734840685 0.075 0.0 1.0027426 0.0012788676 1.0032071189820637 1.0 1.0 1.0 1.0032071189820637 -0.0004644708573688927
2460777.2748729335 0.075 0.0 1.0029143 0.0012783046 1.003206526080263 1.0 1.0 1.0 1.003206526080263 -0.00029221657861500105
2460777.2762617986 0.075 0.0 1.0014272 0.0012783161 1.0032059331784622 1.0 1.0 1.0 1.0032059331784622 -0.0017787595639602305
2460777.2776506636 0.075 0.0 1.004578 0.0012787645 1.0032053402766614 1.0 1.0 1.0 1.0032053402766614 0.0013726540699572354
2460777.2790395287 0.075 0.0 1.0032804 0.0012784825 1.0032047473748607 1.0 1.0 1.0 1.0032047473748607 7.565385499774813e-05
2460777.2804283933 0.075 0.0 1.0042609 0.00127829 1.0032041544732586 1.0 1.0 1.0 1.0032041544732586 0.0010567431631549606
2460777.2818172583 0.075 0.0 1.0017776 0.0012770777 1.0032035615714578 1.0 1.0 1.0 1.0032035615714578 -0.001425912645676597
2460777.2832061234 0.075 0.0 1.0027523 0.0012779121 1.0032029686696573 1.0 1.0 1.0 1.0032029686696573 -0.0004506645925088648
2460777.2845949885 0.075 0.0 1.0035783 0.0012781171 1.0032023757678565 1.0 1.0 1.0 1.0032023757678565 0.0003759294765892651
2460777.2859838535 0.075 0.0 1.0055785 0.0012785753 1.0032017828660558 1.0 1.0 1.0 1.0032017828660558 0.0023767350477625904
2460777.287372718 0.075 0.0 1.0043126 0.0012789927 1.0032011899644537 1.0 1.0 1.0 1.0032011899644537 0.001111444503624881
2460777.288761583 0.075 0.0 1.0028687 0.0012787095 1.003200597062653 1.0 1.0 1.0 1.003200597062653 -0.0003319447189029656
2460777.290150448 0.075 0.0 1.0049535 0.0012786328 1.0032000041608522 1.0 1.0 1.0 1.0032000041608522 0.0017534994478514143
2460777.2915393133 0.075 0.0 1.0020093 0.0012776015 1.0031994112590514 1.0 1.0 1.0 1.0031994112590514 -0.0011901386836730143
2460777.292928178 0.075 0.0 1.0031308 0.0012781353 1.0031988183574494 1.0 1.0 1.0 1.0031988183574494 -6.802478597722761e-05
2460777.294317043 0.075 0.0 1.0045025 0.0012786431 1.0031982254556486 1.0 1.0 1.0 1.0031982254556486 0.0013043094106843789
2460777.295705908 0.075 0.0 1.0027485 0.001278123 1.003197632553848 1.0 1.0 1.0 1.003197632553848 -0.0004491431739652718
2460777.297094773 0.075 0.0 1.0016752 0.0012773593 1.0031970396520473 1.0 1.0 1.0 1.0031970396520473 -0.0015217915059901888
2460777.2984836376 0.075 0.0 1.0012218 0.0012781778 1.0031964467504453 1.0 1.0 1.0 1.0031964467504453 -0.001974670741839324
